COUNT: 400
MEAN: 242.32
MEDIAN: 239.5
MODE: 393.0
SD: 145.4400206236148
VARIANCE: 21152.799598997495
